365
48
48
44
47
44
46
44
47
39
44
46
50
50
44
48
44
45
45
39
40
43
43
35
40
40
38
41
42
43
44
47
46
45
42
44
48
46
44
40
38
36
36
31
27
31
36
42
42
42
44
42
46
49
44
38
42
44
40
45
46
47
44
44
49
45
44
41
45
43
44
45
47
47
40
42
44
48
47
47
43
44
45
47
46
47
47
47
42
43
47
50
49
50
50
43
47
48
45
44
45
44
46
52
54
59
64
64
65
61
61
60
56
53
50
50
52
53
55
59
58
54
53
53
54
56
59
50
50
53
56
57
62
60
62
61
63
58
52
50
49
52
52
56
53
56
56
56
53
57
62
65
71
73
67
59
60
52
51
56
56
57
57
59
62
59
60
60
65
65
63
69
74
71
63
67
74
83
88
91
78
68
66
66
68
67
64
64
66
60
65
67
66
69
65
64
61
61
64
67
68
65
62
64
65
71
72
71
72
72
75
76
76
68
69
72
71
72
69
66
63
64
71
76
79
80
73
71
67
60
62
65
62
60
62
60
64
65
63
61
62
66
61
58
59
63
66
66
69
65
66
69
69
64
62
62
61
60
60
57
57
59
55
59
61
61
60
61
63
60
57
55
54
57
56
53
56
54
54
51
50
47
50
52
46
44
46
50
54
59
56
51
51
55
58
55
51
53
55
51
50
53
50
44
48
51
48
52
54
49
45
43
44
49
45
49
55
49
54
58
43
40
46
42
44
41
40
44
42
44
48
49
57
53
53
54
50
40
39
38
38
44
46
40
40
44
39
39
38
39
39
39
42
40
37
35
43
43
38
37
29
20
25
26
30
29
